33
7
16 9 10 9 15 3 14
4
19 11 14 4
8
20 5 5 1 14 2 2 10
1
7
4
19 8 13 10
1
12
8
17 8 12 9 12 6 9 11
2
13 2
8
15 8 11 10 9 11 11 2
3
16 1 8
6
12 4 11 20 14 5
7
10 3 8 16 2 3 17
3
14 19 2
3
7 1 20
3
10 13 1
2
2 8
7
19 1 18 11 13 1 16
7
9 3 13 12 1 8 7
7
10 2 14 7 3 5 13
10
11 12 17 19 9 16 2 3 5 16
8
6 10 19 16 17 3 15 4
10
9 11 13 19 2 12 19 9 8 20
2
7 8
5
8 11 16 6 20
4
2 18 8 17
8
4 16 16 5 14 5 17 14
7
6 1 20 3 14 5 8
10
16 2 18 15 17 12 2 8 16 5
6
20 4 19 16 12 12
3
12 5 4
3
6 6 1
5
14 18 13 10 10
7
1 17 9 8 7 4 15
